Select game: (b)attleship or (c)heckers?
Checkers
Player 1 turn 1:
Player 1 turn 1:
~~~~~~~~~~~American Checker~~~~~~~~~~
     --------------------------
(7) |  0  2  0  2  0  2  0  2  |    ! 
(6) |  2  0  2  0  2  0  2  0  |    ! 
(5) |  0  2  0  2  0  2  0  2  |    ! 
(4) |  0  0  0  0  0  0  0  0  |    ! 
(3) |  0  0  0  0  0  0  0  0  |    ! 
(2) |  1  0  1  0  1  0  1  0  |    ! 
(1) |  0  1  0  1  0  1  0  1  |    ! 
(0) |  1  0  1  0  1  0  1  0  |    ! 
     --------------------------
      (0)(1)(2)(3)(4)(5)(6)(7)
Player 2 turn 1
~~~~~~~~~~~American Checker~~~~~~~~~~
     --------------------------
(7) |  0  2  0  2  0  2  0  2  |    ! 
(6) |  2  0  2  0  2  0  2  0  |    ! 
(5) |  0  2  0  2  0  2  0  2  |    ! 
(4) |  0  0  0  0  0  0  0  0  |    ! 
(3) |  0  0  0  1  0  0  0  0  |    ! 
(2) |  1  0  0  0  1  0  1  0  |    ! 
(1) |  0  1  0  1  0  1  0  1  |    ! 
(0) |  1  0  1  0  1  0  1  0  |    ! 
     --------------------------
      (0)(1)(2)(3)(4)(5)(6)(7)
Player 1 turn 5:
~~~~~~~~~~~American Checker~~~~~~~~~~
     --------------------------
(7) |  0  0  0  0  0  0  0  0  |    ! 
(6) |  0  0  0  0  0  0  2  0  |    ! 
(5) |  0  0  0  0  0  0  0  0  |    ! 
(4) |  0  0  0  0  0  0  0  0  |    ! 
(3) |  0  0  0  A  0  0  0  0  |    ! 
(2) |  0  0  0  0  0  0  0  0  |    ! 
(1) |  0  0  0  0  0  0  0  0  |    ! 
(0) |  0  0  0  0  0  0  0  0  |    ! 
     --------------------------
      (0)(1)(2)(3)(4)(5)(6)(7)
Player 2 turn 5
~~~~~~~~~~~American Checker~~~~~~~~~~
     --------------------------
(7) |  0  0  0  0  0  0  0  0  |    ! 
(6) |  0  0  0  0  0  0  2  0  |    ! 
(5) |  0  0  0  0  0  0  0  0  |    ! 
(4) |  0  0  A  0  0  0  0  0  |    ! 
(3) |  0  0  0  0  0  0  0  0  |    ! 
(2) |  0  0  0  0  0  0  0  0  |    ! 
(1) |  0  0  0  0  0  0  0  0  |    ! 
(0) |  0  0  0  0  0  0  0  0  |    ! 
     --------------------------
      (0)(1)(2)(3)(4)(5)(6)(7)
Player 1 turn 6:
~~~~~~~~~~~American Checker~~~~~~~~~~
     --------------------------
(7) |  0  0  0  0  0  0  0  0  |    ! 
(6) |  0  0  0  0  0  0  0  0  |    ! 
(5) |  0  0  0  0  0  0  0  2  |    ! 
(4) |  0  0  A  0  0  0  0  0  |    ! 
(3) |  0  0  0  0  0  0  0  0  |    ! 
(2) |  0  0  0  0  0  0  0  0  |    ! 
(1) |  0  0  0  0  0  0  0  0  |    ! 
(0) |  0  0  0  0  0  0  0  0  |    ! 
     --------------------------
      (0)(1)(2)(3)(4)(5)(6)(7)
Player 2 turn 6
~~~~~~~~~~~American Checker~~~~~~~~~~
     --------------------------
(7) |  0  0  0  0  0  0  0  0  |    ! 
(6) |  0  0  0  0  0  0  0  0  |    ! 
(5) |  0  0  0  0  0  0  0  2  |    ! 
(4) |  0  0  0  0  0  0  0  0  |    ! 
(3) |  0  A  0  0  0  0  0  0  |    ! 
(2) |  0  0  0  0  0  0  0  0  |    ! 
(1) |  0  0  0  0  0  0  0  0  |    ! 
(0) |  0  0  0  0  0  0  0  0  |    ! 
     --------------------------
      (0)(1)(2)(3)(4)(5)(6)(7)
Player 1 turn 7:
~~~~~~~~~~~American Checker~~~~~~~~~~
     --------------------------
(7) |  0  0  0  0  0  0  0  0  |    ! 
(6) |  0  0  0  0  0  0  0  0  |    ! 
(5) |  0  0  0  0  0  0  0  0  |    ! 
(4) |  0  0  0  0  0  0  2  0  |    ! 
(3) |  0  A  0  0  0  0  0  0  |    ! 
(2) |  0  0  0  0  0  0  0  0  |    ! 
(1) |  0  0  0  0  0  0  0  0  |    ! 
(0) |  0  0  0  0  0  0  0  0  |    ! 
     --------------------------
      (0)(1)(2)(3)(4)(5)(6)(7)
Player 2 turn 7
~~~~~~~~~~~American Checker~~~~~~~~~~
     --------------------------
(7) |  0  0  0  0  0  0  0  0  |    ! 
(6) |  0  0  0  0  0  0  0  0  |    ! 
(5) |  0  0  0  0  0  0  0  0  |    ! 
(4) |  0  0  A  0  0  0  2  0  |    ! 
(3) |  0  0  0  0  0  0  0  0  |    ! 
(2) |  0  0  0  0  0  0  0  0  |    ! 
(1) |  0  0  0  0  0  0  0  0  |    ! 
(0) |  0  0  0  0  0  0  0  0  |    ! 
     --------------------------
      (0)(1)(2)(3)(4)(5)(6)(7)
Player 1 turn 8:
~~~~~~~~~~~American Checker~~~~~~~~~~
     --------------------------
(7) |  0  0  0  0  0  0  0  0  |    ! 
(6) |  0  0  0  0  0  0  0  0  |    ! 
(5) |  0  0  0  0  0  0  0  0  |    ! 
(4) |  0  0  A  0  0  0  0  0  |    ! 
(3) |  0  0  0  0  0  2  0  0  |    ! 
(2) |  0  0  0  0  0  0  0  0  |    ! 
(1) |  0  0  0  0  0  0  0  0  |    ! 
(0) |  0  0  0  0  0  0  0  0  |    ! 
     --------------------------
      (0)(1)(2)(3)(4)(5)(6)(7)
Player 2 turn 8
~~~~~~~~~~~American Checker~~~~~~~~~~
     --------------------------
(7) |  0  0  0  0  0  0  0  0  |    ! 
(6) |  0  0  0  0  0  0  0  0  |    ! 
(5) |  0  0  0  A  0  0  0  0  |    ! 
(4) |  0  0  0  0  0  0  0  0  |    ! 
(3) |  0  0  0  0  0  2  0  0  |    ! 
(2) |  0  0  0  0  0  0  0  0  |    ! 
(1) |  0  0  0  0  0  0  0  0  |    ! 
(0) |  0  0  0  0  0  0  0  0  |    ! 
     --------------------------
      (0)(1)(2)(3)(4)(5)(6)(7)
Player 1 turn 9:
~~~~~~~~~~~American Checker~~~~~~~~~~
     --------------------------
(7) |  0  0  0  0  0  0  0  0  |    ! 
(6) |  0  0  0  0  0  0  0  0  |    ! 
(5) |  0  0  0  A  0  0  0  0  |    ! 
(4) |  0  0  0  0  0  0  0  0  |    ! 
(3) |  0  0  0  0  0  0  0  0  |    ! 
(2) |  0  0  0  0  2  0  0  0  |    ! 
(1) |  0  0  0  0  0  0  0  0  |    ! 
(0) |  0  0  0  0  0  0  0  0  |    ! 
     --------------------------
      (0)(1)(2)(3)(4)(5)(6)(7)
Player 2 turn 9
~~~~~~~~~~~American Checker~~~~~~~~~~
     --------------------------
(7) |  0  0  0  0  0  0  0  0  |    ! 
(6) |  0  0  0  0  0  0  0  0  |    ! 
(5) |  0  0  0  0  0  0  0  0  |    ! 
(4) |  0  0  A  0  0  0  0  0  |    ! 
(3) |  0  0  0  0  0  0  0  0  |    ! 
(2) |  0  0  0  0  2  0  0  0  |    ! 
(1) |  0  0  0  0  0  0  0  0  |    ! 
(0) |  0  0  0  0  0  0  0  0  |    ! 
     --------------------------
      (0)(1)(2)(3)(4)(5)(6)(7)
Player 1 turn 10:
~~~~~~~~~~~American Checker~~~~~~~~~~
     --------------------------
(7) |  0  0  0  0  0  0  0  0  |    ! 
(6) |  0  0  0  0  0  0  0  0  |    ! 
(5) |  0  0  0  0  0  0  0  0  |    ! 
(4) |  0  0  A  0  0  0  0  0  |    ! 
(3) |  0  0  0  0  0  0  0  0  |    ! 
(2) |  0  0  0  0  0  0  0  0  |    ! 
(1) |  0  0  0  2  0  0  0  0  |    ! 
(0) |  0  0  0  0  0  0  0  0  |    ! 
     --------------------------
      (0)(1)(2)(3)(4)(5)(6)(7)
Player 2 turn 10
~~~~~~~~~~~American Checker~~~~~~~~~~
     --------------------------
(7) |  0  0  0  0  0  0  0  0  |    ! 
(6) |  0  0  0  0  0  0  0  0  |    ! 
(5) |  0  0  0  0  0  0  0  0  |    ! 
(4) |  0  0  0  0  0  0  0  0  |    ! 
(3) |  0  0  0  A  0  0  0  0  |    ! 
(2) |  0  0  0  0  0  0  0  0  |    ! 
(1) |  0  0  0  2  0  0  0  0  |    ! 
(0) |  0  0  0  0  0  0  0  0  |    ! 
     --------------------------
      (0)(1)(2)(3)(4)(5)(6)(7)
Crowned a King!
Player 1 turn 11:
~~~~~~~~~~~American Checker~~~~~~~~~~
     --------------------------
(7) |  0  0  0  0  0  0  0  0  |    ! 
(6) |  0  0  0  0  0  0  0  0  |    ! 
(5) |  0  0  0  0  0  0  0  0  |    ! 
(4) |  0  0  0  0  0  0  0  0  |    ! 
(3) |  0  0  0  A  0  0  0  0  |    ! 
(2) |  0  0  0  0  0  0  0  0  |    ! 
(1) |  0  0  0  0  0  0  0  0  |    ! 
(0) |  0  0  B  0  0  0  0  0  |    ! 
     --------------------------
      (0)(1)(2)(3)(4)(5)(6)(7)
Player 2 turn 11
~~~~~~~~~~~American Checker~~~~~~~~~~
     --------------------------
(7) |  0  0  0  0  0  0  0  0  |    ! 
(6) |  0  0  0  0  0  0  0  0  |    ! 
(5) |  0  0  0  0  0  0  0  0  |    ! 
(4) |  0  0  0  0  0  0  0  0  |    ! 
(3) |  0  0  0  0  0  0  0  0  |    ! 
(2) |  0  0  A  0  0  0  0  0  |    ! 
(1) |  0  0  0  0  0  0  0  0  |    ! 
(0) |  0  0  B  0  0  0  0  0  |    ! 
     --------------------------
      (0)(1)(2)(3)(4)(5)(6)(7)
Player 2 turn 11
~~~~~~~~~~~American Checker~~~~~~~~~~
     --------------------------
(7) |  0  0  0  0  0  0  0  0  |    ! 
(6) |  0  0  0  0  0  0  0  0  |    ! 
(5) |  0  0  0  0  0  0  0  0  |    ! 
(4) |  0  0  0  0  0  0  0  0  |    ! 
(3) |  0  0  0  0  0  0  0  0  |    ! 
(2) |  0  0  A  0  0  0  0  0  |    ! 
(1) |  0  0  0  B  0  0  0  0  |    ! 
(0) |  0  0  0  0  0  0  0  0  |    ! 
     --------------------------
      (0)(1)(2)(3)(4)(5)(6)(7)
Invalid move
Player 2 turn 11
~~~~~~~~~~~American Checker~~~~~~~~~~
     --------------------------
(7) |  0  0  0  0  0  0  0  0  |    ! 
(6) |  0  0  0  0  0  0  0  0  |    ! 
(5) |  0  0  0  0  0  0  0  0  |    ! 
(4) |  0  0  0  0  0  0  0  0  |    ! 
(3) |  0  0  0  0  0  0  0  0  |    ! 
(2) |  0  0  A  0  0  0  0  0  |    ! 
(1) |  0  0  0  B  0  0  0  0  |    ! 
(0) |  0  0  0  0  0  0  0  0  |    ! 
     --------------------------
      (0)(1)(2)(3)(4)(5)(6)(7)
Jumped!
Player 2 wins on turn 12
Select game: (b)attleship or (c)heckers?
