Select game: (b)attleship or (c)heckers?
Checkers
Player 1 turn 1:
Player 1 turn 100:
Player 1 turn 100:
~~~~~~~~~~~American Checker~~~~~~~~~~
     --------------------------
(7) |  0  0  0  0  0  0  0  B  |    ! 
(6) |  0  0  0  0  0  0  0  0  |    ! 
(5) |  0  0  0  0  0  0  0  0  |    ! 
(4) |  0  0  0  0  1  0  0  0  |    ! 
(3) |  0  0  0  1  0  0  0  0  |    ! 
(2) |  0  0  0  0  0  0  0  0  |    ! 
(1) |  0  0  0  0  0  0  0  0  |    ! 
(0) |  0  0  0  0  0  0  0  0  |    ! 
     --------------------------
      (0)(1)(2)(3)(4)(5)(6)(7)
Player 2 turn 101
~~~~~~~~~~~American Checker~~~~~~~~~~
     --------------------------
(7) |  0  0  0  0  0  0  0  B  |    ! 
(6) |  0  0  0  0  0  0  0  0  |    ! 
(5) |  0  0  0  0  0  0  0  0  |    ! 
(4) |  0  0  1  0  1  0  0  0  |    ! 
(3) |  0  0  0  0  0  0  0  0  |    ! 
(2) |  0  0  0  0  0  0  0  0  |    ! 
(1) |  0  0  0  0  0  0  0  0  |    ! 
(0) |  0  0  0  0  0  0  0  0  |    ! 
     --------------------------
      (0)(1)(2)(3)(4)(5)(6)(7)
Player 1 turn 101:
~~~~~~~~~~~American Checker~~~~~~~~~~
     --------------------------
(7) |  0  0  0  0  0  0  0  0  |    ! 
(6) |  0  0  0  0  0  0  B  0  |    ! 
(5) |  0  0  0  0  0  0  0  0  |    ! 
(4) |  0  0  1  0  1  0  0  0  |    ! 
(3) |  0  0  0  0  0  0  0  0  |    ! 
(2) |  0  0  0  0  0  0  0  0  |    ! 
(1) |  0  0  0  0  0  0  0  0  |    ! 
(0) |  0  0  0  0  0  0  0  0  |    ! 
     --------------------------
      (0)(1)(2)(3)(4)(5)(6)(7)
Player 2 turn 102
~~~~~~~~~~~American Checker~~~~~~~~~~
     --------------------------
(7) |  0  0  0  0  0  0  0  0  |    ! 
(6) |  0  0  0  0  0  0  B  0  |    ! 
(5) |  0  0  0  1  0  0  0  0  |    ! 
(4) |  0  0  1  0  0  0  0  0  |    ! 
(3) |  0  0  0  0  0  0  0  0  |    ! 
(2) |  0  0  0  0  0  0  0  0  |    ! 
(1) |  0  0  0  0  0  0  0  0  |    ! 
(0) |  0  0  0  0  0  0  0  0  |    ! 
     --------------------------
      (0)(1)(2)(3)(4)(5)(6)(7)
Player 1 turn 102:
~~~~~~~~~~~American Checker~~~~~~~~~~
     --------------------------
(7) |  0  0  0  0  0  0  0  0  |    ! 
(6) |  0  0  0  0  0  0  0  0  |    ! 
(5) |  0  0  0  1  0  B  0  0  |    ! 
(4) |  0  0  1  0  0  0  0  0  |    ! 
(3) |  0  0  0  0  0  0  0  0  |    ! 
(2) |  0  0  0  0  0  0  0  0  |    ! 
(1) |  0  0  0  0  0  0  0  0  |    ! 
(0) |  0  0  0  0  0  0  0  0  |    ! 
     --------------------------
      (0)(1)(2)(3)(4)(5)(6)(7)
Player 2 wins on turn 102
Select game: (b)attleship or (c)heckers?
