Select game: (b)attleship or (c)heckers?
Checkers
Player 1 turn 1:
Player 2 turn 1
Invalid move
Player 2 turn 1
Player 2 turn 1
~~~~~~~~~~~American Checker~~~~~~~~~~
     --------------------------
(7) |  0  2  0  2  0  2  0  2  |    ! 
(6) |  2  0  2  0  2  0  2  0  |    ! 
(5) |  0  2  0  2  0  2  0  2  |    ! 
(4) |  0  0  0  0  0  0  0  0  |    ! 
(3) |  0  0  0  1  0  0  0  0  |    ! 
(2) |  1  0  0  0  1  0  1  0  |    ! 
(1) |  0  1  0  1  0  1  0  1  |    ! 
(0) |  1  0  1  0  1  0  1  0  |    ! 
     --------------------------
      (0)(1)(2)(3)(4)(5)(6)(7)
Player 1 turn 2:
~~~~~~~~~~~American Checker~~~~~~~~~~
     --------------------------
(7) |  0  2  0  2  0  2  0  2  |    ! 
(6) |  2  0  2  0  2  0  2  0  |    ! 
(5) |  0  2  0  2  0  2  0  0  |    ! 
(4) |  0  0  0  0  0  0  2  0  |    ! 
(3) |  0  0  0  1  0  0  0  0  |    ! 
(2) |  1  0  0  0  1  0  1  0  |    ! 
(1) |  0  1  0  1  0  1  0  1  |    ! 
(0) |  1  0  1  0  1  0  1  0  |    ! 
     --------------------------
      (0)(1)(2)(3)(4)(5)(6)(7)
Player 2 turn 2
~~~~~~~~~~~American Checker~~~~~~~~~~
     --------------------------
(7) |  0  2  0  2  0  2  0  2  |    ! 
(6) |  2  0  2  0  2  0  2  0  |    ! 
(5) |  0  2  0  2  0  2  0  0  |    ! 
(4) |  0  0  0  0  0  0  2  0  |    ! 
(3) |  0  0  0  1  0  0  0  1  |    ! 
(2) |  1  0  0  0  1  0  0  0  |    ! 
(1) |  0  1  0  1  0  1  0  1  |    ! 
(0) |  1  0  1  0  1  0  1  0  |    ! 
     --------------------------
      (0)(1)(2)(3)(4)(5)(6)(7)
Player 1 turn 3:
~~~~~~~~~~~American Checker~~~~~~~~~~
     --------------------------
(7) |  0  2  0  2  0  2  0  2  |    ! 
(6) |  2  0  2  0  2  0  2  0  |    ! 
(5) |  0  0  0  2  0  2  0  0  |    ! 
(4) |  2  0  0  0  0  0  2  0  |    ! 
(3) |  0  0  0  1  0  0  0  1  |    ! 
(2) |  1  0  0  0  1  0  0  0  |    ! 
(1) |  0  1  0  1  0  1  0  1  |    ! 
(0) |  1  0  1  0  1  0  1  0  |    ! 
     --------------------------
      (0)(1)(2)(3)(4)(5)(6)(7)
Invalid move
Player 1 turn 3:
~~~~~~~~~~~American Checker~~~~~~~~~~
     --------------------------
(7) |  0  2  0  2  0  2  0  2  |    ! 
(6) |  2  0  2  0  2  0  2  0  |    ! 
(5) |  0  0  0  2  0  2  0  0  |    ! 
(4) |  2  0  0  0  0  0  2  0  |    ! 
(3) |  0  0  0  1  0  0  0  1  |    ! 
(2) |  1  0  0  0  1  0  0  0  |    ! 
(1) |  0  1  0  1  0  1  0  1  |    ! 
(0) |  1  0  1  0  1  0  1  0  |    ! 
     --------------------------
      (0)(1)(2)(3)(4)(5)(6)(7)
Player 2 wins on turn 3
Select game: (b)attleship or (c)heckers?
